name,year,rank,value,lastValue
eleme,09.05,1,0,0
eleme,09.06,1,0,0
eleme,09.07,1,0,0
eleme,09.08,1,0,0
eleme,09.09,1,0,0
eleme,09.10,1,0,0
eleme,09.11,1,154,154
eleme,09.12,1,4891,5045
eleme,09.13,1,3242,8287
eleme,09.14,1,4625,12912
eleme,09.15,1,4065,16977
eleme,09.16,1,3429,20406
eleme,09.17,1,3425,23831
eleme,09.18,1,3116,26947
eleme,09.19,1,3228,30175
eleme,09.20,1,2279,32454
eleme,09.21,1,1614,34068
eleme,09.22,1,1892,35960
eleme,09.23,1,2616,38576
eleme,09.24,1,2899,41475
eleme,09.25,1,2747,44222
eleme,09.26,1,6011,50233
eleme,09.27,1,5185,55418
eleme,09.28,1,3060,58478
eleme,09.29,1,2159,60637
eleme,09.30,1,769,61406
zhixing,09.05,11,0,0
zhixing,09.06,11,0,0
zhixing,09.07,11,0,0
zhixing,09.08,11,0,0
zhixing,09.09,11,0,0
zhixing,09.10,11,0,0
zhixing,09.11,11,54,54
zhixing,09.12,11,2012,2066
zhixing,09.13,11,1379,3445
zhixing,09.14,11,1611,5056
zhixing,09.15,11,1554,6610
zhixing,09.16,11,1851,8461
zhixing,09.17,11,2076,10537
zhixing,09.18,11,1933,12470
zhixing,09.19,11,1794,14264
zhixing,09.20,11,1223,15487
zhixing,09.21,11,844,16331
zhixing,09.22,11,1048,17379
zhixing,09.23,11,1350,18729
zhixing,09.24,11,1554,20283
zhixing,09.25,11,1478,21761
zhixing,09.26,11,1731,23492
zhixing,09.27,11,1396,24888
zhixing,09.28,11,789,25677
zhixing,09.29,11,521,26198
zhixing,09.30,11,111,26309
JDRead,09.05,12,0,0
JDRead,09.06,12,0,0
JDRead,09.07,12,0,0
JDRead,09.08,12,0,0
JDRead,09.09,12,0,0
JDRead,09.10,12,0,0
JDRead,09.11,12,0,0
JDRead,09.12,12,0,0
JDRead,09.13,12,0,0
JDRead,09.14,12,0,0
JDRead,09.15,12,0,0
JDRead,09.16,12,431,431
JDRead,09.17,12,723,1154
JDRead,09.18,12,679,1833
JDRead,09.19,12,569,2402
JDRead,09.20,12,323,2725
JDRead,09.21,12,240,2965
JDRead,09.22,12,322,3287
JDRead,09.23,12,373,3660
JDRead,09.24,12,310,3970
JDRead,09.25,12,374,4344
JDRead,09.26,12,593,4937
JDRead,09.27,12,0,0
JDRead,09.28,12,0,0
JDRead,09.29,12,62,62
JDRead,09.30,12,121,183
lxjgirl,09.05,15,0,0
lxjgirl,09.06,15,0,0
lxjgirl,09.07,15,0,0
lxjgirl,09.08,15,0,0
lxjgirl,09.09,15,0,0
lxjgirl,09.10,15,0,0
lxjgirl,09.11,15,0,0
lxjgirl,09.12,15,0,0
lxjgirl,09.13,15,0,0
lxjgirl,09.14,15,0,0
lxjgirl,09.15,15,0,0
lxjgirl,09.16,15,1091,1091
lxjgirl,09.17,15,2221,3312
lxjgirl,09.18,15,1853,5165
lxjgirl,09.19,15,1509,6674
lxjgirl,09.20,15,1190,7864
lxjgirl,09.21,15,812,8676
lxjgirl,09.22,15,968,9644
lxjgirl,09.23,15,1145,10789
lxjgirl,09.24,15,1348,12137
lxjgirl,09.25,15,1230,13367
lxjgirl,09.26,15,1047,14414
lxjgirl,09.27,15,901,15315
lxjgirl,09.28,15,492,15807
lxjgirl,09.29,15,429,16236
lxjgirl,09.30,15,199,16435
lxjboy,09.05,16,0,0
lxjboy,09.06,16,0,0
lxjboy,09.07,16,0,0
lxjboy,09.08,16,0,0
lxjboy,09.09,16,0,0
lxjboy,09.10,16,0,0
lxjboy,09.11,16,0,0
lxjboy,09.12,16,0,0
lxjboy,09.13,16,0,0
lxjboy,09.14,16,0,0
lxjboy,09.15,16,0,0
lxjboy,09.16,16,1092,1092
lxjboy,09.17,16,2154,3246
lxjboy,09.18,16,1737,4983
lxjboy,09.19,16,1514,6497
lxjboy,09.20,16,1132,7629
lxjboy,09.21,16,723,8352
lxjboy,09.22,16,929,9281
lxjboy,09.23,16,1290,10571
lxjboy,09.24,16,1355,11926
lxjboy,09.25,16,1255,13181
lxjboy,09.26,16,831,14012
lxjboy,09.27,16,640,14652
lxjboy,09.28,16,425,15077
lxjboy,09.29,16,302,15379
lxjboy,09.30,16,157,15536
CatCar,09.05,17,0,0
CatCar,09.06,17,0,0
CatCar,09.07,17,0,0
CatCar,09.08,17,0,0
CatCar,09.09,17,0,0
CatCar,09.10,17,0,0
CatCar,09.11,17,0,0
CatCar,09.12,17,0,0
CatCar,09.13,17,0,0
CatCar,09.14,17,0,0
CatCar,09.15,17,0,0
CatCar,09.16,17,0,0
CatCar,09.17,17,0,0
CatCar,09.18,17,350,350
CatCar,09.19,17,284,634
CatCar,09.20,17,143,777
CatCar,09.21,17,98,875
CatCar,09.22,17,102,977
CatCar,09.23,17,138,1115
CatCar,09.24,17,163,1278
CatCar,09.25,17,144,1422
CatCar,09.26,17,665,2087
CatCar,09.27,17,613,2700
CatCar,09.28,17,367,3067
CatCar,09.29,17,266,3333
CatCar,09.30,17,70,3403
meituan,09.05,3,0,0
meituan,09.06,3,0,0
meituan,09.07,3,0,0
meituan,09.08,3,0,0
meituan,09.09,3,0,0
meituan,09.10,3,0,0
meituan,09.11,3,0,0
meituan,09.12,3,0,0
meituan,09.13,3,0,0
meituan,09.14,3,0,0
meituan,09.15,3,0,0
meituan,09.16,3,0,0
meituan,09.17,3,0,0
meituan,09.18,3,0,0
meituan,09.19,3,395,395
meituan,09.20,3,543,938
meituan,09.21,3,378,1316
meituan,09.22,3,441,1757
meituan,09.23,3,592,2349
meituan,09.24,3,663,3012
meituan,09.25,3,657,3669
meituan,09.26,3,2188,5857
meituan,09.27,3,1830,7687
meituan,09.28,3,1061,8748
meituan,09.29,3,1023,9771
meituan,09.30,3,748,10519